2.960464
1.44937
9.309334
5.35136
3.062108
3.217306
3.524448
9.427868
3.20583
5.674719
1.753757
4.730206
3.332902
3.002903
13.17247
16.0228
4.559031
1.23093
1.448359
5.365697
5.955662
13.35444
3.228835
3.454919
3.291607
5.013722
5.420286
4.685162
7.048078
4.859296
4.317819
2.578514
4.010659
3.630916
4.83343
1.392288
6.78577
3.28271
8.316904
3.564886
8.430478
8.53097
5.810112
3.102441
4.115338
4.178472
3.118746
4.255046
1.359966
3.381312
3.721573
10.04655
1.297254
6.77746
4.775085
3.014027
2.725242
4.456281
10.45791
24.83141
6.261013
5.78432
4.777071
7.808537
2.839947
3.365775
5.921145
1.329504
6.765252
6.247332
4.480905
4.929155
12.43767
4.737354
4.726437
3.845743
3.270342
3.915485
8.76948
3.162953
3.566674
11.39336
8.292193
8.789774
6.343883
0.9923596
11.98542
3.3359
4.426959
6.606528
9.051693
8.003931
4.870669
13.82672
2.045407
3.686585
6.202855
1.700975
4.264759
4.227849
1.383344
7.82156
3.908343
6.797764
3.98419
4.164039
6.585972
8.041191
5.670139
8.077075
4.413786
6.885579
3.836641
3.963053
4.43453
2.567706
3.335355
6.015196
5.014707
1.240561
7.501049
1.701977
3.800462
0.9189236
2.210569
6.032637
4.660971
1.996303
4.776723
3.322218
2.309299
0.9126182
2.333056
1.501023
1.332352
3.625908
2.340479
10.85067
1.971731
1.835683
7.875399
4.538906
6.670378
3.4739
2.038527
3.321414
6.486226
3.823151
2.243819
8.060418
3.550477
5.550532
3.906291
2.03366
4.769723
4.874946
3.005494
2.353958
4.544408
3.895699
4.553115
1.95886
2.854342
10.74043
4.195361
3.979841
6.029273
6.143184
5.294741
1.622877
2.935058
10.67487
6.906546
4.836537
2.920162
4.753367
0.8384859
6.616595
4.694495
1.883793
4.392193
6.960372
8.517544
5.80856
4.560045
6.959263
4.282216
7.230808
3.395168
10.69031
3.968926
0.9630804
6.490467
2.871954
10.27342
7.745263
9.469042
0.6769042
8.200883
7.496823
